    0.4909     3.9065    -0.840    0.283033    0.000000    0.004168   -0.178179   -0.093985     0.0000    0.0000    0.5937   2500.1723
    1.4694     3.6801    -0.849    0.297729    0.000000    0.004418   -0.217174   -0.092944     0.0000    0.0000    0.5717   1994.0609
    2.4379     3.4561    -0.804    0.308138    0.000000    0.004329   -0.263131   -0.092817     0.0000    0.0000    0.5589   1558.1712
    3.3897     3.2360    -0.740    0.315080    0.000000    0.004073   -0.314920   -0.093019     0.0000    0.0000    0.5517   1191.0431
    4.3184     3.0212    -0.670    0.318943    0.000000    0.003729   -0.371917   -0.093312     0.0000    0.0000    0.5482   888.8876
    5.2176     2.8132    -0.597    0.319959    0.000000    0.003338   -0.433427   -0.093615     0.0000    0.0000    0.5476   646.1734
    6.0811     2.6135    -0.526    0.318263    0.000000    0.002923   -0.498479   -0.093901     0.0000    0.0000    0.5497   456.1997
    6.9031     2.4234    -0.457    0.313919    0.000000    0.002502   -0.565688   -0.094156     0.0000    0.0000    0.5543   311.6326
    7.6779     2.2442    -0.390    0.306976    0.000000    0.002090   -0.633143   -0.094374     0.0000    0.0000    0.5618   204.9807
    8.4003     2.0771    -0.328    0.297477    0.000000    0.001703   -0.698291   -0.094546     0.0000    0.0000    0.5722   128.9965
    9.0653     1.9233    -0.273    0.285486    0.000000    0.001360   -0.757878   -0.094648     0.0000    0.0000    0.5863   76.9887
    9.6684     1.7838    -0.229    0.271105    0.000000    0.001085   -0.807978   -0.094627     0.0000    0.0000    0.6044   43.0387
   10.2054     1.6596    -0.205    0.254451    0.000000    0.000911   -0.843931   -0.094363     0.0000    0.0000    0.6272   22.1253
   10.6727     1.5515    -0.215    0.235563    0.000000    0.000886   -0.860140   -0.093566     0.0000    0.0000    0.6555   10.1649
   11.0672     1.4603    -0.285    0.214103    0.000000    0.001063   -0.848969   -0.091548     0.0000    0.0000    0.6892    3.9803
   11.3860     1.3866    -0.441    0.188834    0.000000    0.001452   -0.798947   -0.086910     0.0000    0.0000    0.7278    1.2191
   11.6270     1.3308    -0.696    0.157360    0.000000    0.001913   -0.698170   -0.077700     0.0000    0.0000    0.7694    0.2437
   11.7886     1.2934    -1.035    0.117316    0.000000    0.002119   -0.567168   -0.063533     0.0000    0.0000    0.7955    0.0188
   11.8697     1.2747    -1.501    0.071338    0.000000    0.001870   -0.396939   -0.041882     0.0000    0.0000    0.7687    0.0000
