    0.4909     3.9065    -2.468    0.959966    0.000000    0.039363   -0.404567   -0.107356     0.0000    0.0000    0.3577   9997.7302
    1.4694     3.6801    -2.607    1.025044    0.000000    0.046005   -0.541136   -0.096828     0.0000    0.0000    0.3401   8078.4416
    2.4379     3.4561    -2.571    1.074829    0.000000    0.047860   -0.710489   -0.093762     0.0000    0.0000    0.3325   6402.6999
    3.3897     3.2360    -2.464    1.116105    0.000000    0.047727   -0.909257   -0.093167     0.0000    0.0000    0.3286   4969.4500
    4.3184     3.0212    -2.329    1.150212    0.000000    0.046554   -1.136995   -0.093456     0.0000    0.0000    0.3262   3769.5542
    5.2176     2.8132    -2.190    1.177852    0.000000    0.044848   -1.393938   -0.094018     0.0000    0.0000    0.3246   2787.4991
    6.0811     2.6135    -2.059    1.199360    0.000000    0.042947   -1.680013   -0.094590     0.0000    0.0000    0.3235   2003.0837
    6.9031     2.4234    -1.944    1.214721    0.000000    0.041098   -1.993933   -0.095028     0.0000    0.0000    0.3228   1393.0570
    7.6779     2.2442    -1.858    1.223580    0.000000    0.039558   -2.332244   -0.095221     0.0000    0.0000    0.3223   932.6321
    8.4003     2.0771    -1.810    1.225131    0.000000    0.038601   -2.687955   -0.095028     0.0000    0.0000    0.3219   596.8241
    9.0653     1.9233    -1.817    1.217934    0.000000    0.038538   -3.048490   -0.094217     0.0000    0.0000    0.3216   361.5667
    9.6684     1.7838    -1.900    1.199642    0.000000    0.039714   -3.392940   -0.092404     0.0000    0.0000    0.3212   204.5853
   10.2054     1.6596    -2.086    1.166575    0.000000    0.042415   -3.688276   -0.088957     0.0000    0.0000    0.3204   106.0252
   10.6727     1.5515    -2.402    1.113246    0.000000    0.046623   -3.885307   -0.082894     0.0000    0.0000    0.3185   48.8553
   11.0672     1.4603    -2.863    1.032208    0.000000    0.051559   -3.917208   -0.073008     0.0000    0.0000    0.3148   19.0796
   11.3860     1.3866    -3.459    0.915032    0.000000    0.055264   -3.708909   -0.058626     0.0000    0.0000    0.3081    5.7990
   11.6270     1.3308    -4.160    0.755329    0.000000    0.054907   -3.215294   -0.041949     0.0000    0.0000    0.2996    1.1475
   11.7886     1.2934    -4.961    0.553753    0.000000    0.048047   -2.535705   -0.034396     0.0000    0.0000    0.3060    0.0879
   11.8697     1.2747    -6.412    0.333101    0.000000    0.037426   -1.702931   -0.004480     0.0000    0.0000    0.2611    0.0000


